$ANSIBLE_VAULT;1.1;AES256
33323433313334366161383438393033636365363336626363633762353433646434373937313439
3364663438376133323533316130373361616466666435320a633763313236363136313238343434
30316434323330306261623830363466316436363137373661393938363930376233353233353732
3366623564663432310a663665353833326565326531623565316532623366343664383731393439
35306137613965383639613433393031386661326531666633383138383232303137373465313765
62323764626239353034363066613833383035646435626263353738393031316236356433653564
31623566336236353638313836663863316139633333353538363439616431616531303035653764
65333766653034333833653765373736386538656432663938393063383233666163383233393466
64393637643031316530313864373534373964666533363337353165373234323666363565353334
63343866343638626362396132383165396136616563663030333731356431366236663035633465
62336333346636623363383831313236363566383965386631383062333037346330323330653861
65626534366330623163303231356234356238303834386566376661646635613439336664333464
65373733326264623261353063373966643936353833313665666636623663633363626431646166
36366335303735316233333562303134353537636538383062643333666465656663656533653032
32653137346438313633373630656639323637373763343134326231333033306535303332303834
30666539643532353031646130346239623362653366616538633464626131336131616636316237
65366165363731326135343066643037663433313261356630353239356330633639393833663761
62346265376434636161326532613336636439303332623939343766323766616661363930346139
35323037303932633935343738666334393536613463326231313132363630393166353838653830
65653636373566393533343163356161376330636466656564656363376562663334376336366333
63663930323731316364633030366465356635666666343538393863333033306634306138316566
36333137303533383039333963396434343766353565643634373733386263626532616461393730
65363234326338663636353831643664326362383836623734346164373466653633343835363339
62323037313937373837613862653038646430376533656331396132346166663666653764363062
63383438643861366333623664656566383039326238623662303332613664646165623761666464
65343962343765323563343234366162336434306539313534353062306538633735393639313334
63333633353833626239623539373062376464336433343139323639326664636463353330616261
65326134636330623365636563633866643035393830393538303561373336376634343233336363
38356334373064336135333266333439336330623033636339336636306530343233363738626566
65663362383762643864313639323065633465376232326631353335393366396166323363656534
65613631646237393932396333333438343532643333383864356134363862663434396261336538
64336235396265356262613733323434646632383634646363373132656237386232373836333031
34633536633337383639393531303637333766363237386433656264373765626265633466643532
32343232393935386265383537613736353030343762386363376362366134326235393932613537
61633364636635616331386234663166323064396534386539363738383938383366666164393162
65343732333730303331313862316433373964303737316333623035333532386235383232326462
62636466303737333639623766356130663936393233333435613637336136333931313031633035
35323061636536393066346632633932346163396239363930333764643230623630326235336435
30376139306630313839613631373733653436346666653335393735326530646232656537326564
32653430313132393931373165306333336430313930316530613863326366343437353239373365
31316130323438396333666132633161363861353765663839616638623561613561626666313932
62353036323766396130623066316163323536363434333963646665373733346266366663663635
65626430333336343136326530643161353032346264373030306461626634383230613837626532
31356130633538393032616264643236643335653032356133306533376538363366363136636266
31613066386663326231616137663331343037376232373033326137643436353935303632393932
34616634623163316636623535373636613163376466663065643937353863383437353265343536
65656434333636613163653632383363623461323938313538343333386432643832636361653331
30336534396436383133653033326566616361643662353732356638646262373132643834393132
38373962613632653666616665623938626263366239363630663035353364303735323666303834
62636436396530386533333732653532363432383032636162326234343937666662623030623365
30623837376464363265343535346633643363613038393935366338303432393138366635313865
30366637366332623638613465333066653564373661613932383735316531313665313738363962
64613831353764663761393361386335636336613339333335636634336234613230343437343038
38326336316139353230666466353465653264353766306362666137666365646464316132643233
30393062343230373064656137626336613232316334376664653865396466656337396634313038
35643135356633626336356565306264346530636433623464343765613337306231366239623035
33396539313331323738653165346338386666376535616464666538346632376239306430613535
32323835623666623934646433333733646437633131376363343863393530356534313239303463
61313834363839333766633834373133353932636134343964646664636366323833306361343635
39393832363364313130633366613934643265313636343062643834666334363865323535396139
36336166396335303364313666343066333061313032346266633038336335633738323537636434
62386639343765663166366532303164383333356264623732653235613761376362623961656561
31646533323339656139633037646162616534343332363435383036353136373934396633636538
64383639666633306630303764656437646133306534633164613364313230353737373238326636
61623861303161333637363362623636316662356563386333343937376135353530376465666435
33306230646562363461633535643138343836373963363566323966653563356230313063326564
35656332663735316465653732636538663466666634623834633365663665356566636534663436
33623632623261313137643663333838366135393936306634616435623866663435623164316539
34643662313263386463356231656664393863356661386534656235306531373938373339653630
31663866646132323535363061313435346462363331373435303331623066396137306165373737
62313733356637343933643431323733373965643334663762393434366637316338326633306266
65663733613931333161616139383166366466653265666236373662626264323065313139303466
63666564633038363164636462653339636662653632626335613361363463333136333361626230
61616163633665616132383736396333646565366536313433313830616262343333386639633865
36313933373133626433343563623437336231623138363233336238623863653064616430356434
39366562303434633132383864326533646336376261353964396434323231643165323062653837
65303134643265383364353339643764653765613766663234643261396561646666643863626535
66316532323034383663366366303766353533346334646233343061333933626632383330613864
37643962346665656633376530373839623639313037663535613835666431653535313339306230
65373561633438666633623534646537653333376230333036346564323661616531333433353831
62363332653138663162663035303936656263363434616131323063626665336338666337363963
61663233353732643732616136613635653562383033623532613166616563373237306664323866
32653630623439333163343431643237636638326164636333306330626436633762643464633231
65646336383665666666386338323662346637306632393164316337376538646230303865336163
33383535663663343135613533366134656131366432333236393266623039363436333033623534
64643564643539363836653838396430363234656566613037313437306366643938666566363262
30643263616431333262346338313236373665366231323330346137326139363061633934393631
65363363613264646131
