$ANSIBLE_VAULT;1.1;AES256
66336538323132393764383133393835626232313331326335393034346261356462643561353861
3232343963663466316263383861346335653039376536630a363530643137663863373666316431
61666638383062333835636232663735383438383231373266396363633062363163333238333439
3966326662623130350a643162626365356531356461626137336431343634363537653432313832
38623762326336343531353531303066623736393337633362353235333736303131633935363461
39383930623930393435626563633164386630623432663632313566376130383365323739333635
65663031636363353233656138383162313835343666356161383435353536623635633264313064
32313665646436386237386364383130303330643238373034626237623965626137383765666663
32656338343932626666306534656565396635393435373063326338313132363164383966633264
32666464323637363765616238343863333531306662366364393936333162306433653130323531
38653163653163623831363238303633303737363239656635396538353864646130343364666130
32323133663164623063636637663037313633616465623639633137333365613761346561656233
65396431616163393838663361623437623938343666633532393137363435363863633264376236
34326230393734356138363533626131383236313135633437623236663130363766333164613863
39316565633731393534323934363166373763656436613663623361646366653361386134373030
34356632376462643165373535326462643966663331313030396337653339383331653164376438
33323461366230373863363332373433623839393339336631363966653137366565396239373234
30303831656163363762366462386563323062633835643535613133306537393936373436313135
66373062313863616466363266323230663765303533393634383664646532343863336235616435
34663935663163323236313765323532373130333562316336623738643164363434386266336435
37383637383638613738376138653562616365316439613633356233303835383062353331393938
62643033663863353532653563333862353934366232386230343633326430393833396532323031
31396438653635396234343232623531363437353566323831333366363362386265333166616563
31393266626132383866396339316532333462646139383739666132613166623138353832643065
39663930353863663839623934306332333830316434326237663962363630643332366637393437
30353736326661393139373535373032306133383165363132323763643734383339373734636138
62633032316239626439303737333232343131343836313964373665663234323837303264373761
34616230363964313339643362643932373538633439656134663061333536383731313033663138
34396165323136346131633934383833333565313337343965303064376432336133633438366637
65343431386336633939633936333133316161666433653063663839653364393462646562336665
37323638376235636531343766306565653863643961306262373937363066363166656131336264
30353336386534376234646337373237666437633336623439306662393430396264616632346466
65336235623534336331613338306532633139383832616531343334613631333061326436373065
35643262343037346436303931313737306163633964653139643135636332653239393661633934
32646138383162346136653261363063336166613932373238306561333764353434333564616634
62626437663034383464313331643939656365373639666638363165393938616635623433353166
32613439306133356131346138666637636561383563633037613637343433616263396263646363
39353662336366623139356662663665383038356261363033303661663765303533343638316165
66363961393937626232323766613066306135386639323132336537313166303862373761643262
35343938623637386337333830633533646533363631313737366165653935326562663134313436
36623230316631633364363935353530663133636230353366396464623664623763343531613065
32663765323033643964623739663764393539643730663039353533383936656463333136356234
32616137376631386636343335343466613436303735353364613533383739663865316639323163
32346335343464306433653438303064313631353162623764306334376466346339353831356464
37316438666631623061313334313564376534616333643066396133316164383738363531383565
39376630663335663862353438303365353339613134313265383632323136303966396138323337
34323631303839383466613538633761393462643137646337396165643636646261663436356662
30363838336139613737316334386435303937643730633039626266393738653030643164303263
39376239383463636335356566383262626538333130363132303638653930663332373561633833
32326632306132306662323461383733653030333935316666386338616238626233333634636536
63336565613039313566633739653033383963616137663962333739383831383830363466343362
62333031356131626666613161383734636435393966633530306163393937623664393065376632
35623763613938323362316665643130393639383961323338376237313566613033373761653935
31333966373037653364323332393062356565313137383931306331393738313361396661343362
65636638336131313764353331646636356164616332653638383533653265376538656232306530
64376232306232633137363138366537616431626262643466626231636535626162363864666537
35353762363431373938313232306661343365373233323263356363333037313566323736333830
36346136373961376262303766373963303532383264396465343833326130323264353363646561
66643937636562356539623233303764656265613138346233626662643936643730633436643864
64353537313031643132383862333435346139383266323565326532386463356136336632373561
62343332346237386636643235376564636335613562306637326564656166643061376264336166
32633736336630656330383065643734336138303836373336643231613165613835373837343064
37376236663433633365343261343235636531633837623830366434353032326132303036366165
33623232633765653765306235363630666630316630646434303739643437373835346134613861
66376534633032633833346239333037633433363862363932626136383963626531386238663661
31313264336130323863623065343633326464356130343866393531346333623732626163626337
64376236363363646636303032613631353966386530386439626237623564613734393961393366
65343165646266663739636230393765623362393163336665383339363866333936636638643363
61663261313832623533363361643832626330656464316631623634386234306563656239656231
3934646664343637353536366632323161363764396265346334
